[
  [114846160773475, 77114326338745],
  [90382405854229, 132261153329516],
  [123090035928763, 70953576267245],
  [114380984942002, 138459737216601],
  [81609791411420, 131676369891416],
  [139326386923731, 123021833597164],
  [126177644268612, 83317464877403],
  [135387905737961, 117276474402385],
  [93417845700480, 89772056994058],
  [79894255233927, 76659446598938],
  [70610446300874, 73189916559413],
  [128850913545085, 98490511801992],
  [112629250468843, 106394835156891],
  [93072952525272, 109653881993604],
  [110147860703226, 108385408897449],
  [88125298782504, 94922799887623],
  [115093329568652, 76204173763350],
  [138251936552550, 101527127613901],
  [125381923921206, 92007441868823],
  [100751563622532, 108045819474499],
  [126369199290250, 88735128943787],
  [84299154282623, 129224937076492],
  [135222968409587, 94216009520676],
  [137324294217625, 82676758610137],
  [129605912333503, 81761082509653],
  [122821469847490, 83667810676265],
  [109636584038591, 139091694144127], 
  [140004309863964, 100235556776066],
  [88343483719037],
  [89251760517274, 133333385680312],
  [85266236145390, 96911254957893],
  [115157202895028, 70416857745842],
  [120314536384987, 106327135855159],
  [94413521139827, 121302036512535],
  [103643737068791, 77414289305653],
  [90711314837709, 98663596726285],
  [78005979633071, 77540930983425],
  [88862912030327, 119000014126083],
  [109054758066694, 100801804866185],
  [137908575932787, 79592982876883],
  [83345230471496, 97271043468998],
  [87024521806318, 132890483289506],
  [123981086988981, 87217490142272],
  [79135109903466, 79556976821325],
  [122659765042415, 129093100579933],
  [71724630856974]
  
]
